$ANSIBLE_VAULT;1.1;AES256
35366638373434376332353233346361633462323832323039353961366366636264343837633465
3062343437313732303439663961663039626265373961360a383439363565383535363531353235
37363465666337393939653335393464316661623333313565343262396162653763373262643836
6134646135386563310a303932313635616262303266656633326662643937336535303937623938
38633037323435663439356263656564353337333638616364373365386336393830616266636662
31376331646332356439306235343962376639353139343163626632383837376435363464353262
30663062323937346263313566306235666234326139636562326564313062333166393837316230
37383534643731626632366238616437343738643331326465373631393633316231376665616465
64626265633864663338656365386130376134613739633531663631373232653163353537663932
33613436396462643930383164333364313435323033383065303036393662373036653839613433
35353231343632336433643866636633663066343733303431346364353238303139633331323530
35323465663565626530656161663362353438373533653435653863346637643237306434636336
37336633396432386134666636623633313234363861633430303734336365346131336463396533
65343737326137353431616362623135363933663439663339623038393338306166633565663432
37316165653961306534666531393961393062376232333731376132353963346332636466626437
31336134353432303834666333396438626431366233353731393130386564323832383264393130
62356661363762333330313362316138386531666434343566346161653765353862313730613364
39656634346633646466613261386566323532333931336634366266366261336134316630656361
62373136356332653230623530316233313562303338623236396663346636313563326266396638
66623561313464626335623265666239323762353231376564383637303334366333633838636637
31386265623334396361643839383362313261643836626232383033663163663263666336653539
65303763336362303932313636653034323564306339643362616166666465323634353237653534
38393339303730626430373061353561366666326439633732363766633134373862376461626463
38353333333566656531343937313262663135326232313730616562326361313962653435316437
35316437343464396635353761666138626364346565613664323639393539616132643865383530
39373030343836343736323936663764633035666636316432656633643364616162663433653262
33316534393938666136653432356462333130346431323234643839346436626564313262643030
39623866343334646364623561636534303061313337656461656536373035653364353537353563
36313463303632613733323365373534616561333464363764316231623532306132373134623261
65666464633834653439376332626133613733333961643861323535646436363737623131656165
66343336323535333332323463643063653636333136373561646166623030636435383534636165
61343961643138303830346562626537633034303536386334323730336432346233356431373630
36656630393563366338646561326531313036373963383663623433653163323766326261386563
34623835623461663437353462343438313663303734663633663337646433656662363539383838
63396339333636366630333965343932373866323331386330373964633233303034373762613565
64613264363039646438323737313362393063643561393166656339646230643538373562636137
32316532316265316630376538396461653464313130303739653661346132353131326539353333
61396265313261623336386135353330373461303566333636363565623664383831666264393138
39656537336461353838333766616366363833646330346434313236646231396335646465666238
36333930306236373233653362653136333866613835373237393464306337666265303265656231
37383234313966353239656362386436333935653233636238623537633436376465623936366232
66656561646338633062366266303735333135396632646138623633326165306635343563643262
34323933356562623564616131643134343433343530346637306330376236343863626664353332
64616131653731653763636135333138303430393838313961336430643530653365313764613339
39613830303735326261646239303961623031336130613861343435316230663363653831303465
61373136636234333336393963643130303531373265653432663731356262306331333437333337
39376133303931643137393331343231396662656465643534313636623461373761316338373132
38663262643734656464393935396230656138303065646434373261343864306465616563623666
32643634633664393030393231383661663166653236613231343139636237613966396532626563
65623432373262636463333632653238336135613932303432363131353063626163666262626431
39396631313938623639633238373533643639306231643262313130313163613137353431653130
34353733623264666239623839343764373832323331333263366663373561343733323637353564
64383030356562323462646139323264303861616364616637626430646239613266343065346336
31353461653335346238303032383033373830326239616563633961396165353534316134353466
34643433306432336631633863393563373135393964643238326632313239626438323437396465
62356438646563353662326262323661633161306331663161616336626637653331376332666162
31653466613036333963393033653231343965623962666362623032633336346239663332653132
33663266363034326463376165316465306561373165343966616363653837316164646232333563
39376338323166393932363235623566303835306563383932663739343763336131313932356233
34333864376566393830633132313632303835306365373664346262633534316166653766663965
34386635396233353434656262656538613762636661666338386266306234303439303836366630
31363337386665353934343736356234313461623634333134613532616663346637653863343963
62306461356564646638363966646563373636343735636661336534663137303535643532333939
35396664316231363135343939636166376331643537626362343539643831396131373530373466
63643538376133393061313235636361363838343363313032376463613435386630313432633238
33363061663966653961303366363837646464393336633438643639316237373332363430333934
30343531363762656332653239623566636231363938306434353963666538383262313139666166
35386464303561363964633362633633353564333763623532306239656532346561346666616631
31616366373138343366636636633737646139303933643333646638393466343561633934393365
66333666666633326135363139313830613864363864653735316235653665613137633132363766
62383736613438323434336138386365343565323534353665393335326430646136343838653734
61343732333062313464333734333633353937636632633639623030626532363965366436616531
39306365646132346234376662353233343334343364656330663032373330303832343538346330
38343632303535326337343032663339383963376666313463383932303931623763633265623038
30303735616663616331313135333062323836393436376165336634623739353539313833393431
30333536636534386537616662353136363865666138313362393764373138346339626362393039
35306138663531643166343363663362363165313461346637383861653836653161663537303737
30393533643464653664316337636164303636353036653962353832393162363737643464616635
65336563663731623566353831633565333831316237616164356630666336666562376136613436
65646635346564356564633238626637613763613738623864383939313035366665653364656461
35336163663532303138346164656630626536343531646331303262343734333065303636343261
30383066663665346535326233333666366435323337623261326466386230663639366138323235
66353030626539626163653462363635393130396333616437303633623063646132326634623665
37656632353766356435346336333439633165343735366430656462306663383937303765383263
64636332613737343666396463323830363331643233353133373630623734666639616165653566
64666264306363313562343966393365323663306430613963633432633931313239343265343864
39393965366332333563373364653531353539323932326363343663366437393337373536346166
34393231313864386336323061306263336137386336613634376536303463393530373434306464
66303061626366323364396338623239336365366238363631653161653538303939326437343733
64646330633864643462613462346462613031333838373165633633323338383064656364356564
32623630336631303439373831376361386530646230623033313364383633363662323436613161
66373665373738346632633836393230316562616333336639353131376633643135623137326263
31633036666165366464383034383530626135663039633731353166646337643732363865396161
37333232626166633832326666313139323262663831666635393137313065346131303131326266
63326664626239326338663030383736663162366164323566613162643936303430383562623436
33333766643036623034633262623436373764323632343131666564636436333633633365383733
36656465653062643733333439656334306564386238393537366635646230393339663830333166
62386232333237616161636235623333636465613838376466396165666234353137373830626537
66363661346132613764653161353064356537306338616265363634653139333436316630313266
36306563303235336237613235396236633463376139396339343961336532363764636330353961
64323563636662316635383131353566616233393939616462386464306165376630303131656162
64663038323135393765646539633930666363323833366239343336333761353063373938393237
38613463336563396664626563333133303239346366623832653833333266656137343932633339
32656433333961343530613561633836323132663864323763353261323535353061346334376561
38373239356331323332633165623938643061306134373161303664666539353437346433616634
34623733373430303236346638336630326666663661343139386538343232616337626664383830
30666264306239633163656633306130613730633865303661306432303635323865303037646263
61633537346133326131643939366434386665353238366465343466393438346335376332623730
63326130613066343865376332343334643463373635336364666265333963366433383638383065
32303961653266343236383962313534363362623231383036316334613535656438653563303462
31366639343536653764313864396339363730643934343066626132663561636263303933653733
64343032653631383138373438346266663530393038653161303432383738353665366365386338
63313432613138383034353033303138386664333361626533333165633666353762616561663062
65626337663830336631343163386262346431383133396437643236613330656263353262376339
66396235653035353238666434626430626465316665386239613762363135353764623433333861
39353961333435363235653362643438643261616238313433373934616137653466633234363062
33656530373432366663643363343939623834323239303865663638363737343663363630636464
30393830303062393336616362393466306331343762626463383162383334613331373539656231
62376439323531303630343065616231623738386361326566633234363134333736643231313961
35383066373066353965626139373033613565333961643362663136613534376131336333366336
63353162313064653930323933353330326464376631633365636238616163336461313462376538
62366236326361376334323263653338393731356639643234643131663965316264643966613566
65633965613630636631343363663963353937303037626535633538333763326263643830393733
62656233623562653935386365316332386131653131653431326664633862333634376339326163
30643163393530656431653261353136383031306662303463306361303365353236353736393065
37326434356662643634626636396232623264663030353030373961313831366365663634373339
37616264323030626534653566653463666433373132303861636439643765633235343931623933
36353730306532383862623763626434663562313162303665383264313937636237316264386535
36306565343131383235633332333136623037656661653865343637613135643038643563386363
62663436333430336663623632323661343063376233346136666137613062356664663638633432
63313330306265666537613839373831633365663066616534363965363266363039316335333663
66393835653335346438323265313938666566363130306235396264336235396236336533303038
39363439393062616135323966613362363038653363343362663564343863343830643133653639
66353762313063386237303934343163623434653431636565323730363030303334326631353864
66646639323638323364363733376231623032333563333832303231346263376332613230303764
61666566373437623539353363373862393130333733633130383630643165616239373466303830
30663738383932653433316637343632353838333436646364343930653136306132343063633665
32316530313833643032386439373164323534366333613833633965396533623638666230326437
30356637383861333438376435356133373936313063663130356632323836663465303361373836
61313366363937356230646437313939366162363830663162333266343263386664363564323063
37616339333061386263353237363166333339353635393936633463313364326162333731313530
33333033396536393032663632666635363632393330643461333365336633393832376139386338
36326134356139356361623736303963343338666135653862623661343537363761333231396635
32653239313037643262383238373863613831643439343038373065663535383033653731356566
39633364353539666331653966616261643434353932623036346164323134393364643663326662
32326334393934633137313563306535373238346636373661616332306636333033373666383434
34343936386135636531666664393863623162333766353738383032633132666339343039353336
39636339653237313764633536373861343632373965383462353934343932303937303335346638
61646234313662326461316563633439396566663938393963323862373338643834396530383238
33666130656635313832323637376563633633366133343935383331323638663330396536623863
32343966633433313935376264353733636564343762623336383739643365363031336636303537
30303938386631386531396335336232663332333061623131306435333066383933303863356266
30656564346363623830323265646139303564363936643066333465373235616562653736376562
65396664316337663862646238653030373032646631303532383765303933396532363066373833
37633833623364656136313031633833376331323535643333613536313062313631333239633662
33623537613236353366313737313637326130636665393235653331303962643162663030323635
63383834366466663338316461366665393530303835313033646233396562623361363734646333
30366166653235396135373864663166376331616236356338386431663136326431353837396263
35663730326330383666303930316163323935326637623934306332373431663664636263386530
34656664336538653739663661623964633734626635646133373638646533653633313333636437
38636239626135353831643530393530383764383036613163653361386433313432333063393738
32613635376361373239353162373033356535386465643533393035613034323934366432353265
66666665393961613666356330383833616332653762366666326166363062306364653036633533
34666235633037653738316432373130313335366338663565393732646664303530643233336536
39663636346233386365626661646464316361643764306366383261666461313530316664666466
64626564643162633133666562383765636531633761316331633963343661326135623937326561
31343235353863383466643266633564613033396237326637636261653061663137356539396536
66363637326561353130646365663234343136386665613738353563346632623864346337386566
34643930616331396339393631316335623631383235323531383862643639353164373162616161
35646562376435663166643638623230653361303738613261363830393734346630663535366234
65346366373030313836383566336633313761336363333165373564336662643134393831303361
65653362366437636233346230366332373039376462323766343137353664373035353338316637
64656535346263373834373563333437393462333436343666636338306135356435
